Model	Replicate	log-likelihood	AIC	chi-squared	theta	optimised_parameters
ancmig_adj_2	Round_1_Replicate_1	-25814.29	51642.58	1588979.48	578.29	1.9786,0.1694,0.4236,5.1505,1.8111,0.1331,0.6663
ancmig_adj_2	Round_1_Replicate_2	-38678.87	77371.74	51792364.65	757.92	0.446,0.3589,0.4632,1.6042,0.3343,0.1515,1.457
ancmig_adj_2	Round_1_Replicate_3	-19448.61	38911.22	172334.7	429.82	8.1477,0.1549,5.4322,0.3703,0.9217,4.103,0.2402
ancmig_adj_2	Round_1_Replicate_4	-12295.23	24604.46	73484.73	334.65	4.7009,7.6949,2.6505,0.316,1.0757,1.8568,0.3324
ancmig_adj_2	Round_1_Replicate_5	-34113.64	68241.28	17467048.04	703.88	0.3816,5.485,0.1744,3.6183,1.3508,0.5524,0.5388
ancmig_adj_2	Round_1_Replicate_6	-14003.62	28021.24	77763.77	749.45	2.2112,1.2468,1.1249,0.3091,0.1499,0.4276,0.2993
ancmig_adj_2	Round_1_Replicate_7	-31070.43	62154.86	2922453468.99	1263.51	0.1735,0.2148,3.2916,2.6572,3.759,4.5684,0.2009
ancmig_adj_2	Round_1_Replicate_8	-24990.41	49994.82	4304936.08	548.86	2.6032,0.4155,1.174,0.422,3.5617,0.1889,1.5355
ancmig_adj_2	Round_1_Replicate_9	-44451.57	88917.14	-2.1295459489e+22	590.41	0.2565,2.1907,0.4606,0.4039,0.6115,1.1987,5.2093
ancmig_adj_2	Round_1_Replicate_10	-43203.71	86421.42	90200748.49	306.0	4.318,6.0965,0.2763,6.3751,5.243,0.4181,1.7638
ancmig_adj_2	Round_2_Replicate_1	-17567.2	35148.4	397683.66	307.92	15.6893,7.3127,4.5766,0.1691,0.553,1.0531,0.2558
ancmig_adj_2	Round_2_Replicate_2	-31097.62	62209.24	520260026.94	412.58	2.036,2.4494,5.2731,0.106,3.0726,1.123,1.0591
ancmig_adj_2	Round_2_Replicate_3	-12137.15	24288.3	51852.2	262.71	1.9052,11.5924,4.3635,0.9009,0.4963,4.6413,0.5658
ancmig_adj_2	Round_2_Replicate_4	-13303.27	26620.54	122276.95	428.35	4.7108,4.8916,0.7653,0.6867,1.2722,1.3131,0.2128
ancmig_adj_2	Round_2_Replicate_5	-12890.84	25795.68	44857.04	583.35	5.112,2.1224,0.6971,0.3836,1.25,0.6698,0.217
ancmig_adj_2	Round_2_Replicate_6	-15656.28	31326.56	256480.77	261.33	5.2307,26.8535,2.0236,0.583,4.2514,3.0657,1.1756
ancmig_adj_2	Round_2_Replicate_7	-15584.93	31183.86	250015.55	390.34	10.3258,22.5144,1.9214,0.1792,0.4603,0.7635,0.122
ancmig_adj_2	Round_2_Replicate_8	-14287.95	28589.9	151155.44	556.21	1.6072,3.4918,5.6617,0.3171,0.3423,0.9012,0.134
ancmig_adj_2	Round_2_Replicate_9	-15481.38	30976.76	175700.19	459.35	5.0474,2.9489,5.7556,0.1985,1.1334,0.562,0.3524
ancmig_adj_2	Round_2_Replicate_10	-13257.44	26528.88	61049.51	554.02	1.2405,26.7715,3.7811,0.1737,0.9807,0.6438,0.1514
ancmig_adj_2	Round_3_Replicate_1	-18910.17	37834.34	470626.02	382.81	1.0251,17.9568,2.8267,0.5578,0.4031,2.922,0.9493
ancmig_adj_2	Round_3_Replicate_2	-13700.32	27414.64	154566.87	283.02	1.8344,13.2103,3.2063,1.5033,0.4391,3.1884,0.4742
ancmig_adj_2	Round_3_Replicate_3	-11685.23	23384.46	43702.47	280.78	1.6111,7.4673,2.6258,0.7279,0.3856,7.5262,0.3416
ancmig_adj_2	Round_3_Replicate_4	-11519.87	23053.74	46102.93	219.28	2.435,15.3329,3.0831,0.9168,0.3481,7.6417,0.694
ancmig_adj_2	Round_3_Replicate_5	-13048.15	26110.3	61619.98	277.81	1.1981,11.7733,2.5319,1.2328,0.5966,9.3689,0.6514
ancmig_adj_2	Round_3_Replicate_6	-13807.92	27629.84	101654.59	212.64	2.554,7.7718,5.0307,0.6001,0.2793,10.0768,0.9772
ancmig_adj_2	Round_3_Replicate_7	-12683.82	25381.64	172977.28	275.51	1.5228,10.5827,2.8812,1.5589,0.9898,6.3041,0.4099
ancmig_adj_2	Round_3_Replicate_8	-14486.64	28987.28	91472.85	294.4	1.0005,10.8858,2.8604,1.1311,0.4202,6.5588,0.5643
ancmig_adj_2	Round_3_Replicate_9	-14572.05	29158.1	96669.87	318.67	1.1058,11.3859,4.2859,0.6055,0.3825,3.6216,0.4711
ancmig_adj_2	Round_3_Replicate_10	-10604.84	21223.68	32111.02	255.63	2.2343,9.4771,3.103,0.8021,0.6591,6.9702,0.5677
ancmig_adj_2	Round_3_Replicate_11	-16302.2	32618.4	1113766.69	319.92	1.3281,6.4473,6.9685,1.82,0.6762,2.4449,0.4539
ancmig_adj_2	Round_3_Replicate_12	-15766.81	31547.62	166686.2	306.82	1.178,15.356,2.8359,0.7408,0.407,5.6715,0.8823
ancmig_adj_2	Round_3_Replicate_13	-14114.32	28242.64	82012.31	319.62	1.0695,6.8696,2.8897,0.5946,0.3257,7.499,0.5184
ancmig_adj_2	Round_3_Replicate_14	-12948.7	25911.4	58037.8	193.42	1.5833,20.1789,4.333,0.5743,0.2772,9.1858,0.3543
ancmig_adj_2	Round_3_Replicate_15	-14083.03	28180.06	84499.55	277.2	1.1664,6.8447,6.5245,1.1347,0.567,6.6209,0.5427
ancmig_adj_3	Round_1_Replicate_1	-60644.32	121304.64	48062060503.7	567.56	0.1975,5.8878,0.8908,1.5864,6.5288,3.5268,1.8076,0.687
ancmig_adj_3	Round_1_Replicate_2	-24112.1	48240.2	1871873.01	227.49	4.4178,4.33,3.2438,2.1301,2.0502,0.9584,0.2545,3.7881
ancmig_adj_3	Round_1_Replicate_3	-15963.73	31943.46	182375.69	280.94	3.1873,2.4135,5.6786,0.7557,1.488,3.1434,0.5072,1.1854
ancmig_adj_3	Round_1_Replicate_4	-23589.55	47195.1	889207.94	2061.53	0.1924,0.3168,0.2436,0.2395,0.7563,0.1775,0.2153,0.1205
ancmig_adj_3	Round_1_Replicate_5	-43452.07	86920.14	622582714.52	187.89	7.6284,1.8541,1.311,1.2988,0.2149,4.0297,0.4786,5.8132
ancmig_adj_3	Round_1_Replicate_6	-24836.31	49688.62	2266039.29	649.39	0.5335,4.7786,2.2578,0.438,1.8038,0.4734,0.1824,0.9764
ancmig_adj_3	Round_1_Replicate_7	-80933.35	161882.7	-1.09107908235e+17	510.55	0.1963,6.947,2.2524,0.2034,0.7624,3.8077,0.3392,2.6594
ancmig_adj_3	Round_1_Replicate_8	-32434.72	64885.44	-6.73355816832e+13	369.56	0.4648,2.2262,3.8552,0.2844,0.3168,5.6764,7.967,0.2379
ancmig_adj_3	Round_1_Replicate_9	-18662.79	37341.58	307719.26	462.55	1.6266,7.5455,0.2397,0.3922,0.983,5.8538,0.6044,0.4201
ancmig_adj_3	Round_1_Replicate_10	-19267.98	38551.96	240337.4	717.83	1.7642,0.4331,2.7058,0.2611,0.2998,2.1158,0.1214,0.1398
ancmig_adj_3	Round_2_Replicate_1	-20191.78	40399.56	639905.61	234.58	10.479,1.6857,14.4899,0.3053,2.9531,1.7131,0.6883,0.7736
ancmig_adj_3	Round_2_Replicate_2	-18738.66	37493.32	307358.29	320.8	1.7408,2.1998,2.6482,1.6959,0.6876,6.0779,0.8747,1.202
ancmig_adj_3	Round_2_Replicate_3	-27969.56	55955.12	82826238.71	205.03	5.44,1.8787,3.9016,0.3473,3.2381,13.046,0.2091,2.8487
ancmig_adj_3	Round_2_Replicate_4	-23299.37	46614.74	1168835.11	315.59	0.9447,5.272,19.1371,0.2785,3.4205,4.8481,1.4967,0.3844
ancmig_adj_3	Round_2_Replicate_5	-16808.95	33633.9	300960.27	230.34	2.6639,7.5243,19.6951,0.2648,4.1381,3.8809,0.4312,0.6633
ancmig_adj_3	Round_2_Replicate_6	-37681.13	75378.26	1327944171.91	217.02	3.8251,2.9081,14.4406,0.1897,0.6208,1.5999,1.3565,1.7998
ancmig_adj_3	Round_2_Replicate_7	-15055.54	30127.08	101924.67	276.24	7.5934,6.3089,2.0947,1.8507,1.6843,1.2147,0.265,0.8512
ancmig_adj_3	Round_2_Replicate_8	-13637.01	27290.02	68791.83	663.48	1.5258,0.6164,2.15,0.3621,5.3357,2.7684,0.1985,0.3543
ancmig_adj_3	Round_2_Replicate_9	-21310.7	42637.4	910236.95	193.43	11.6746,3.3454,11.0051,0.3479,4.5772,1.5587,1.4295,0.9262
ancmig_adj_3	Round_2_Replicate_10	-15442.85	30901.7	105485.64	297.13	9.6306,1.8589,3.5852,0.2996,0.4578,2.173,0.1666,0.3576
ancmig_adj_3	Round_3_Replicate_1	-13215.18	26446.36	60988.41	763.25	1.2124,0.7483,1.2118,0.2503,3.1584,3.2828,0.215,0.2497
ancmig_adj_3	Round_3_Replicate_2	-14421.82	28859.64	65120.01	619.91	2.6621,0.5992,1.8549,0.2829,3.6491,2.2852,0.2691,0.2093
ancmig_adj_3	Round_3_Replicate_3	-17654.31	35324.62	241843.17	950.42	1.0082,0.3504,2.1324,0.4548,4.0679,4.5037,0.245,0.1794
ancmig_adj_3	Round_3_Replicate_4	-15425.38	30866.76	121118.08	725.6	0.7727,0.902,3.0724,0.2822,4.2555,3.7666,0.2835,0.3057
ancmig_adj_3	Round_3_Replicate_5	-15544.11	31104.22	139642.22	705.07	1.1834,1.0023,1.1475,0.3994,7.3277,1.6803,0.3781,0.458
ancmig_adj_3	Round_3_Replicate_6	-12698.05	25412.1	49491.72	489.51	3.0887,1.0243,3.3013,0.2828,3.9848,2.3177,0.2089,0.2754
ancmig_adj_3	Round_3_Replicate_7	-17580.29	35176.58	230406.34	704.92	1.5348,0.3795,2.0385,0.3598,7.1298,2.5408,0.2854,0.4795
ancmig_adj_3	Round_3_Replicate_8	-17648.6	35313.2	358196.54	720.35	0.9051,0.4457,3.3516,0.241,10.5169,5.2509,0.1065,0.5519
ancmig_adj_3	Round_3_Replicate_9	-14123.89	28263.78	78770.02	784.02	0.8624,0.7888,1.2205,0.7085,9.3793,1.4936,0.1759,0.3727
ancmig_adj_3	Round_3_Replicate_10	-16300.23	32616.46	154142.01	661.98	3.0325,0.3287,1.778,0.2444,6.0783,1.903,0.1514,0.382
ancmig_adj_3	Round_3_Replicate_11	-13272.92	26561.84	69926.39	655.55	1.414,1.0575,1.8385,0.3105,3.0919,1.6419,0.2038,0.3487
ancmig_adj_3	Round_3_Replicate_12	-14320.99	28657.98	77774.63	674.45	0.8901,0.6397,2.524,0.7172,3.9757,5.4889,0.1201,0.435
ancmig_adj_3	Round_3_Replicate_13	-14681.71	29379.42	68716.86	578.83	2.7732,0.5475,1.3259,0.5142,3.3688,4.7777,0.256,0.2551
ancmig_adj_3	Round_3_Replicate_14	-13152.25	26320.5	55565.7	736.28	1.1182,0.6836,1.9126,0.4366,9.3641,5.2072,0.2089,0.2213
ancmig_adj_3	Round_3_Replicate_15	-16488.65	32993.3	169890.39	705.93	0.8129,0.947,3.9844,0.2579,4.3863,2.2339,0.3564,0.301
refugia_adj_1	Round_1_Replicate_1	-9322.87	18663.74	26840.91	757.28	1.1544,0.1261,0.313,0.4016,2.0701,0.3945,2.8954,0.2186,7.6808
refugia_adj_1	Round_1_Replicate_2	-31202.0	62422.0	-1.67483027511e+12	224.07	2.67,0.1499,2.3324,3.038,1.7011,5.7198,1.6069,0.3195,8.2493
refugia_adj_1	Round_1_Replicate_3	-21574.24	43166.48	32593932.36	299.76	1.3468,0.2276,7.3332,0.5619,0.3592,1.3549,0.5921,3.5079,0.2402
refugia_adj_1	Round_1_Replicate_4	-16606.68	33231.36	16064262.06	408.58	0.4641,0.6792,1.286,0.8936,3.5744,2.2461,0.1532,6.9324,0.8308
refugia_adj_1	Round_1_Replicate_5	-15075.0	30168.0	9565214.43	168.09	1.5992,0.2314,7.8389,6.1032,2.2351,0.2658,0.3311,5.9598,0.5189
refugia_adj_1	Round_1_Replicate_6	-19732.55	39483.1	457121.14	408.5	0.346,1.0014,0.6548,0.5433,0.1807,0.1367,6.5413,4.122,1.2246
refugia_adj_1	Round_1_Replicate_7	-13511.31	27040.62	472830.64	720.23	0.5745,0.3314,2.1012,0.8871,0.8604,0.7062,0.5586,0.1357,0.7465
refugia_adj_1	Round_1_Replicate_8	-15849.11	31716.22	395338.53	480.14	1.3678,2.5697,0.294,0.3309,0.6834,3.8028,0.1888,6.0828,0.4641
refugia_adj_1	Round_1_Replicate_9	-23179.94	46377.88	831042.59	1152.42	0.1994,0.2161,0.1863,3.1992,0.3794,0.6584,0.5129,0.2423,0.1604
refugia_adj_1	Round_1_Replicate_10	-16311.79	32641.58	818301.18	259.22	6.0461,0.4382,0.896,0.5772,0.4267,1.4987,8.2388,0.3826,0.7507
refugia_adj_1	Round_2_Replicate_1	-11283.52	22585.04	39654.89	1050.55	0.6627,0.0546,0.4059,0.1396,0.8673,1.1802,1.7125,0.3119,4.2159
refugia_adj_1	Round_2_Replicate_2	-13780.94	27579.88	105781.64	741.28	1.0115,0.0447,0.1083,0.5093,3.8295,0.1705,9.556,0.1308,4.0684
refugia_adj_1	Round_2_Replicate_3	-14355.11	28728.22	103545.86	609.85	2.8474,0.1098,0.1431,0.1389,1.5495,0.4259,7.752,0.1359,2.7223
refugia_adj_1	Round_2_Replicate_4	-8923.79	17865.58	21368.93	856.86	0.4974,0.1474,0.4367,0.4772,2.198,0.4599,1.8266,0.5706,28.0679
refugia_adj_1	Round_2_Replicate_5	-11308.05	22634.1	32197.04	694.62	1.1274,0.1358,0.2893,0.5668,0.593,0.8753,2.4191,0.5894,4.6524
refugia_adj_1	Round_2_Replicate_6	-10541.29	21100.58	35598.25	1460.79	0.8438,0.1426,0.1279,0.1343,2.8262,1.0353,2.2529,0.176,3.3228
refugia_adj_1	Round_2_Replicate_7	-12389.63	24797.26	94214.32	417.15	1.5946,0.1446,0.8885,0.2573,0.6168,0.1425,7.9972,0.0729,6.6299
refugia_adj_1	Round_2_Replicate_8	-13381.38	26780.76	47621.96	528.31	2.6506,0.3958,0.1484,0.4801,0.7043,0.9606,4.9052,0.1277,2.6577
refugia_adj_1	Round_2_Replicate_9	-10592.34	21202.68	26710.83	620.23	0.3604,0.0937,0.5742,1.2914,1.6081,0.4869,5.007,0.1735,2.6047
refugia_adj_1	Round_2_Replicate_10	-11660.5	23339.0	47894.23	612.9	3.4955,0.0683,0.4164,0.1648,2.4041,1.0061,2.4691,0.5654,2.9488
refugia_adj_1	Round_3_Replicate_1	-9561.15	19140.3	36450.64	764.3	0.5993,0.2387,0.5921,0.3328,2.9314,0.3372,1.0441,0.4553,27.0319
refugia_adj_1	Round_3_Replicate_2	-10360.45	20738.9	39130.0	727.6	0.733,0.0706,0.2969,0.5623,1.2686,0.2805,1.2135,0.3484,28.0679
refugia_adj_1	Round_3_Replicate_3	-9815.99	19649.98	29776.31	1009.44	0.3646,0.1045,0.6452,0.2419,1.9075,0.699,1.4776,0.7046,28.0679
refugia_adj_1	Round_3_Replicate_4	-8963.53	17945.06	18366.84	676.97	0.6648,0.073,0.56,0.7683,2.7279,0.6292,0.9395,0.6711,28.0679
refugia_adj_1	Round_3_Replicate_5	-9256.91	18531.82	23850.28	678.87	0.8996,0.073,0.5554,0.3858,1.1179,0.4616,1.1807,1.1101,28.0679
refugia_adj_1	Round_3_Replicate_6	-9688.55	19395.1	28841.51	826.39	0.3659,0.1858,0.3955,0.626,2.9004,0.3199,2.4417,1.0119,22.6719
refugia_adj_1	Round_3_Replicate_7	-8825.15	17668.3	20624.48	1297.81	0.4138,0.0844,0.2807,0.2621,3.0136,0.7799,1.0946,0.5214,27.7176
refugia_adj_1	Round_3_Replicate_8	-10096.62	20211.24	37351.22	950.64	0.3349,0.0808,0.3992,0.3887,2.6278,0.3211,1.6438,0.5258,28.0679
refugia_adj_1	Round_3_Replicate_9	-9690.82	19399.64	31657.63	1272.71	0.285,0.1827,0.2805,0.302,3.39,0.4767,1.6532,0.7222,25.5632
refugia_adj_1	Round_3_Replicate_10	-9947.36	19912.72	25609.55	823.92	0.5877,0.1135,0.306,0.6571,1.1371,0.5757,1.1614,0.7491,28.0679
refugia_adj_1	Round_3_Replicate_11	-9434.11	18886.22	28813.48	906.94	0.4997,0.1463,0.4184,0.346,1.8998,0.4107,2.3141,0.5045,28.0679
refugia_adj_1	Round_3_Replicate_12	-9192.36	18402.72	37475.87	707.86	0.7495,0.2785,0.6519,0.4132,3.6172,0.4768,2.2338,0.8677,28.0679
refugia_adj_1	Round_3_Replicate_13	-10525.32	21068.64	33562.45	792.22	0.3303,0.1902,0.3045,0.8465,2.5489,0.3018,1.0924,0.7328,28.0679
refugia_adj_1	Round_3_Replicate_14	-10686.4	21390.8	44599.23	889.75	0.5498,0.2179,0.2707,0.4191,1.3118,0.3323,1.4984,1.115,28.0679
refugia_adj_1	Round_3_Replicate_15	-8945.38	17908.76	22645.52	637.94	0.82,0.0707,0.781,0.4692,2.32,0.5625,3.6214,0.8746,28.0679
refugia_adj_2	Round_1_Replicate_1	-17976.17	35968.34	39726784.53	617.73	0.3175,0.7819,7.7264,0.8351,8.3095,1.8568,2.8862,1.2994
refugia_adj_2	Round_1_Replicate_2	-26887.3	53790.6	-4.32038198496e+13	435.39	3.2656,4.6725,2.1149,2.0795,0.7622,3.4855,0.4038,0.681
refugia_adj_2	Round_1_Replicate_3	-21935.63	43887.26	361128969.16	374.2	2.0697,5.5735,3.2669,0.3048,0.1716,4.106,2.5374,8.2345
refugia_adj_2	Round_1_Replicate_4	-19196.24	38408.48	422140825.0	839.04	0.7076,0.9454,0.7314,6.406,6.3991,1.6448,0.6527,0.1488
refugia_adj_2	Round_1_Replicate_5	-11828.58	23673.16	330490.36	398.29	7.983,1.1566,0.5178,1.0037,4.5445,0.453,4.1111,3.8447
refugia_adj_2	Round_1_Replicate_6	-15337.99	30691.98	134140.26	615.68	2.219,1.532,0.2646,0.3836,0.3865,2.3821,0.8776,3.6184
refugia_adj_2	Round_1_Replicate_7	-31791.56	63599.12	-1.5238899051e+13	357.23	0.6553,0.9501,5.5332,3.0956,0.7325,3.8477,1.1293,1.694
refugia_adj_2	Round_1_Replicate_8	-15536.84	31089.68	250240.13	493.54	1.6374,0.5551,5.5972,0.2588,0.2606,0.5266,0.25,1.2132
refugia_adj_2	Round_1_Replicate_9	-23262.52	46541.04	6601393006.46	317.72	1.0923,3.8803,3.6481,1.968,5.6281,1.774,1.5883,4.8872
refugia_adj_2	Round_1_Replicate_10	-25352.32	50720.64	505804462.76	500.04	1.3612,8.1024,0.2173,6.2095,0.1879,3.6529,1.2868,0.4455
refugia_adj_2	Round_2_Replicate_1	-11302.85	22621.7	32896.13	630.21	2.5821,2.3805,0.187,0.544,1.1976,0.6514,1.5095,4.5081
refugia_adj_2	Round_2_Replicate_2	-12359.56	24735.12	142172.18	351.53	23.2139,4.6757,0.3343,2.1315,4.3487,0.1838,1.9284,5.0752
refugia_adj_2	Round_2_Replicate_3	-13429.44	26874.88	2843919.93	346.17	5.5006,2.3908,0.3616,2.2991,10.3784,0.22,10.1178,13.4135
refugia_adj_2	Round_2_Replicate_4	-14358.23	28732.46	225572.14	689.36	11.9905,0.284,0.234,0.6797,5.966,1.4546,1.3281,1.3877
refugia_adj_2	Round_2_Replicate_5	-13024.61	26065.22	50688.58	317.87	27.8703,0.3909,0.2112,0.6433,2.1215,0.307,8.4652,2.1814
refugia_adj_2	Round_2_Replicate_6	-18220.36	36456.72	159863767.85	297.08	21.1583,0.3579,2.0839,0.5185,2.8426,0.134,1.8439,0.9649
refugia_adj_2	Round_2_Replicate_7	-18630.93	37277.86	9075186.26	287.04	18.3118,0.7954,0.2088,2.7694,1.8097,0.9336,4.0921,1.0421
refugia_adj_2	Round_2_Replicate_8	-12466.53	24949.06	3194908.18	396.39	2.7027,1.6659,1.2667,0.5504,4.5966,0.4653,3.3892,3.4824
refugia_adj_2	Round_2_Replicate_9	-16284.87	32585.74	3897529.32	307.98	5.5199,1.0038,1.3348,2.0257,2.6459,0.7278,1.657,2.7164
refugia_adj_2	Round_2_Replicate_10	-12239.99	24495.98	430597960.07	310.09	8.9893,0.6624,0.7111,2.3267,17.5731,0.1647,1.8633,5.7153
refugia_adj_2	Round_3_Replicate_1	-15187.18	30390.36	73757.91	610.58	3.2943,1.4966,0.1197,0.2779,0.6658,1.1605,1.4086,3.778
refugia_adj_2	Round_3_Replicate_2	-11813.37	23642.74	36390.7	554.12	3.0294,1.5941,0.2622,0.3474,0.812,0.7591,1.497,6.5856
refugia_adj_2	Round_3_Replicate_3	-15376.55	30769.1	122806.02	526.92	4.7342,1.5296,0.1236,0.3083,0.9255,0.3546,1.2631,7.3351
refugia_adj_2	Round_3_Replicate_4	-10895.33	21806.66	38200.64	614.41	2.3182,2.3932,0.3444,0.8097,2.104,1.0117,0.87,2.6592
refugia_adj_2	Round_3_Replicate_5	-9933.23	19882.46	21843.0	659.11	1.4994,2.7768,0.3958,0.4127,0.9142,0.8391,0.8747,7.1444
refugia_adj_2	Round_3_Replicate_6	-11516.88	23049.76	39696.27	570.17	3.0462,2.9352,0.2544,0.8809,2.1219,0.9768,1.9937,5.8807
refugia_adj_2	Round_3_Replicate_7	-10613.03	21242.06	24537.6	612.67	2.1002,1.5599,0.2993,0.5248,0.9936,0.9234,1.3305,5.5382
refugia_adj_2	Round_3_Replicate_8	-10990.98	21997.96	32139.99	705.09	1.3186,1.449,0.2263,0.8504,1.2586,1.0436,1.5879,7.4992
refugia_adj_2	Round_3_Replicate_9	-10722.46	21460.92	25542.28	619.25	2.7758,2.761,0.255,0.6619,2.1121,0.9209,1.7347,6.5526
refugia_adj_2	Round_3_Replicate_10	-10037.44	20090.88	32441.63	553.48	3.0478,2.2268,0.3148,0.5569,2.3258,0.3403,1.0734,8.4141
refugia_adj_2	Round_3_Replicate_11	-10402.93	20821.86	35183.77	815.95	1.3025,1.3035,0.1642,0.5405,2.0878,0.4022,0.8966,7.1265
refugia_adj_2	Round_3_Replicate_12	-10461.63	20939.26	29344.45	674.46	1.3527,1.8385,0.176,1.0451,2.229,0.42,2.1468,4.2306
refugia_adj_2	Round_3_Replicate_13	-11133.61	22283.22	28630.93	925.1	1.4481,2.0627,0.1581,0.3483,1.3784,1.302,0.9801,7.2969
refugia_adj_2	Round_3_Replicate_14	-11484.74	22985.48	45702.46	642.23	2.3136,4.9357,0.235,0.7293,2.0635,1.2712,2.1802,3.4937
refugia_adj_2	Round_3_Replicate_15	-10773.94	21563.88	31220.18	541.81	2.708,3.8011,0.2865,0.4823,0.9386,0.5133,1.1803,7.7014
split_nomig	Round_1_Replicate_1	-24088.29	48188.58	1435832.61	825.27	0.3954,3.9143,0.3585,3.6063,0.1965,0.303
split_nomig	Round_1_Replicate_2	-31961.1	63934.2	-7.0079896189e+12	583.67	0.124,6.0326,0.767,2.0683,0.4821,2.1281
split_nomig	Round_1_Replicate_3	-42821.88	85655.76	-1.61842685369e+17	256.83	0.1766,0.8118,0.8712,6.8678,5.1662,4.2589
split_nomig	Round_1_Replicate_4	-23038.78	46089.56	672438.26	557.94	3.3879,1.102,0.5232,0.4058,1.632,0.2415
split_nomig	Round_1_Replicate_5	-19865.02	39742.04	413696.99	713.55	0.6674,3.9116,1.2888,0.6619,0.7779,0.4114
split_nomig	Round_1_Replicate_6	-22864.65	45741.3	1262576.21	1144.73	0.3426,0.1424,3.3218,0.1545,0.1383,0.3469
split_nomig	Round_1_Replicate_7	-35899.38	71810.76	-2.76361009572e+20	215.36	3.5033,0.6953,0.4147,1.6318,6.7298,8.3561
split_nomig	Round_1_Replicate_8	-57569.87	115151.74	6535853626.96	358.51	1.2095,1.5546,0.3822,4.5132,1.8486,2.5374
split_nomig	Round_1_Replicate_9	-39318.21	78648.42	67784037.33	734.12	1.7181,0.3983,0.5078,2.5207,1.5379,0.1482
split_nomig	Round_1_Replicate_10	-57786.36	115584.72	1.23577314216e+11	486.41	2.6027,0.8822,0.4702,0.4226,0.4279,3.1644
split_nomig	Round_2_Replicate_1	-34066.37	68144.74	14043330.86	526.07	0.5375,1.5475,3.1167,0.983,1.3212,0.9842
split_nomig	Round_2_Replicate_2	-15215.5	30443.0	132540.21	853.43	1.6744,5.1513,0.4825,0.2849,0.453,0.3384
split_nomig	Round_2_Replicate_3	-57637.29	115286.58	7895779488.88	585.96	0.2905,3.1479,2.1081,0.3128,2.82,0.3615
split_nomig	Round_2_Replicate_4	-22230.69	44473.38	838368.76	504.82	1.4953,2.8594,0.9865,1.815,1.3027,0.5952
split_nomig	Round_2_Replicate_5	-11089.8	22191.6	30794.12	911.2	1.8439,13.8224,0.9043,0.2486,0.1783,0.156
split_nomig	Round_2_Replicate_6	-20157.22	40326.44	3082452.87	452.96	1.4363,9.7043,2.5706,2.1209,0.6982,0.3582
split_nomig	Round_2_Replicate_7	-17016.79	34045.58	298862.32	675.99	1.168,7.3787,2.5984,0.2663,0.2578,0.5786
split_nomig	Round_2_Replicate_8	-16794.2	33600.4	168073.49	1290.67	0.2729,1.3494,0.667,0.3727,0.211,0.2086
split_nomig	Round_2_Replicate_9	-21375.39	42762.78	558991.99	459.69	1.3777,1.892,3.1891,1.9762,0.9196,0.652
split_nomig	Round_2_Replicate_10	-30966.38	61944.76	7633790.59	567.76	0.4811,3.2219,1.7344,1.3612,0.4384,1.4261
split_nomig	Round_3_Replicate_1	-12676.38	25364.76	65275.41	1009.86	1.1144,23.9012,0.5273,0.1651,0.3249,0.1925
split_nomig	Round_3_Replicate_2	-11638.56	23289.12	40288.34	852.01	1.6949,10.9197,1.2994,0.1879,0.2257,0.1745
split_nomig	Round_3_Replicate_3	-11351.25	22714.5	34257.36	918.36	1.1387,11.0945,1.5551,0.3041,0.1346,0.187
split_nomig	Round_3_Replicate_4	-11982.33	23976.66	44881.99	891.32	3.0026,15.4207,0.813,0.1835,0.137,0.2017
split_nomig	Round_3_Replicate_5	-11483.21	22978.42	37836.04	872.6	1.5503,17.1395,0.7288,0.1949,0.322,0.1455
split_nomig	Round_3_Replicate_6	-11970.05	23952.1	41542.89	872.5	1.4825,8.5978,0.829,0.4778,0.1867,0.2563
split_nomig	Round_3_Replicate_7	-12173.09	24358.18	58925.22	983.31	1.5455,17.5811,0.8578,0.1612,0.1398,0.232
split_nomig	Round_3_Replicate_8	-11757.74	23527.48	39483.09	827.0	1.8416,8.9601,0.7464,0.29,0.3166,0.1434
split_nomig	Round_3_Replicate_9	-11977.02	23966.04	45487.49	854.09	2.6652,25.398,1.2981,0.2943,0.1354,0.1478
split_nomig	Round_3_Replicate_10	-11674.98	23361.96	38270.44	919.93	0.9818,7.9153,1.3718,0.3818,0.1428,0.2241
split_nomig	Round_3_Replicate_11	-11869.66	23751.32	39141.04	761.09	2.5121,19.1963,1.6617,0.2981,0.192,0.1983
split_nomig	Round_3_Replicate_12	-10933.57	21879.14	31355.37	1041.07	0.9672,17.7483,1.1309,0.1523,0.146,0.1184
split_nomig	Round_3_Replicate_13	-12936.67	25885.34	56287.52	840.54	1.7417,7.0432,0.5256,0.4462,0.3288,0.2372
split_nomig	Round_3_Replicate_14	-11251.57	22515.14	35889.69	1024.86	0.9211,15.3561,0.8881,0.337,0.1382,0.1555
split_nomig	Round_3_Replicate_15	-10494.75	21001.5	27345.83	1106.59	1.0247,14.2545,0.7288,0.1663,0.1411,0.1225
split_symmig_adjacent	Round_1_Replicate_1	-10078.03	20174.06	27619.79	1154.52	0.9135,0.3756,0.2036,0.3861,0.5096,1.9496,0.2999,1.6652,0.2032
split_symmig_adjacent	Round_1_Replicate_2	-15059.53	30137.06	79161.35	484.54	0.4059,1.5041,0.2227,4.1095,0.1751,1.3438,0.4335,1.8001,3.5299
split_symmig_adjacent	Round_1_Replicate_3	-25142.16	50302.32	-1.3895844389e+11	394.42	5.6132,1.1451,0.8375,1.4527,0.2944,3.165,3.5136,1.1816,2.2088
split_symmig_adjacent	Round_1_Replicate_4	-12486.78	24991.56	61614.15	281.25	5.0375,1.4526,1.2929,2.0077,1.739,0.1594,0.3158,2.3748,2.4516
split_symmig_adjacent	Round_1_Replicate_5	-12774.17	25566.34	336083.97	356.89	0.5978,0.5915,2.3303,4.4379,1.3052,4.0204,0.1789,1.8322,2.9475
split_symmig_adjacent	Round_1_Replicate_6	-12690.75	25399.5	86070.05	308.75	5.5248,7.0551,0.6958,0.9848,4.888,0.2433,0.1893,2.6257,0.4031
split_symmig_adjacent	Round_1_Replicate_7	-19610.63	39239.26	7156974.59	505.01	2.0947,0.3749,7.7297,0.2166,0.2125,0.2034,2.4196,0.2981,1.4084
split_symmig_adjacent	Round_1_Replicate_8	-13008.42	26034.84	146619.63	510.02	4.3767,0.3316,0.3144,1.6541,4.198,4.7088,0.6711,0.308,3.9616
split_symmig_adjacent	Round_1_Replicate_9	-12102.6	24223.2	273722.83	1246.19	0.441,0.6659,0.6359,0.1877,1.809,6.59,3.0376,6.2017,2.2297
split_symmig_adjacent	Round_1_Replicate_10	-11788.44	23594.88	176081.89	377.05	2.289,1.2933,3.1235,0.6379,2.3504,1.0534,0.5235,0.1328,3.167
split_symmig_adjacent	Round_2_Replicate_1	-12888.39	25794.78	114394.15	963.3	3.6453,0.4033,0.085,0.6987,1.8302,7.8044,0.0854,2.8796,0.7414
split_symmig_adjacent	Round_2_Replicate_2	-10819.4	21656.8	58004.85	1176.31	0.4258,0.8259,0.7015,0.3318,0.2502,0.9344,0.0815,0.4709,0.3881
split_symmig_adjacent	Round_2_Replicate_3	-17720.29	35458.58	18320745.09	1335.18	0.916,0.1759,0.414,0.8222,1.1332,0.8898,0.2078,0.8824,0.0741
split_symmig_adjacent	Round_2_Replicate_4	-13150.06	26318.12	170077.45	1897.23	0.234,0.0969,0.5483,1.2182,1.0706,4.5992,0.0942,2.2446,0.1453
split_symmig_adjacent	Round_2_Replicate_5	-13862.4	27742.8	88844.85	709.33	2.651,0.5272,0.0705,0.4573,0.6732,3.1466,0.621,3.0733,0.0946
split_symmig_adjacent	Round_2_Replicate_6	-11368.4	22754.8	56720.79	929.21	2.1589,0.6194,0.1999,0.2625,2.0542,2.331,0.1368,0.9419,0.3444
split_symmig_adjacent	Round_2_Replicate_7	-12707.14	25432.28	46978.44	1965.52	0.3595,0.4195,0.0845,0.1826,1.5764,0.5655,0.2038,0.6952,0.0786
split_symmig_adjacent	Round_2_Replicate_8	-11090.82	22199.64	56830.22	678.29	1.8,1.281,0.3774,0.7953,0.1961,1.2852,0.4786,1.5612,0.211
split_symmig_adjacent	Round_2_Replicate_9	-8798.54	17615.08	18634.24	1061.85	0.6081,0.7927,0.1623,0.2939,0.2362,5.1079,0.7122,4.4398,0.3037
split_symmig_adjacent	Round_2_Replicate_10	-8852.59	17723.18	19494.89	1095.39	0.4029,1.4677,0.4144,0.2859,0.5695,3.096,0.4986,1.6594,0.1521
split_symmig_adjacent	Round_3_Replicate_1	-9635.08	19288.16	23604.24	779.96	0.8448,0.9518,0.1388,0.2317,0.15,5.8855,0.421,8.1649,0.1517
split_symmig_adjacent	Round_3_Replicate_2	-8711.11	17440.22	17565.27	1119.28	0.5811,1.0285,0.182,0.299,0.4291,3.1976,0.5763,2.8205,0.3074
split_symmig_adjacent	Round_3_Replicate_3	-8310.73	16639.46	13949.97	993.11	0.4766,1.3285,0.2388,0.3346,0.4227,3.7332,0.4687,4.7335,0.2645
split_symmig_adjacent	Round_3_Replicate_4	-8603.26	17224.52	20803.94	1099.33	0.55,0.7787,0.2528,0.3071,0.4347,4.5747,0.5497,7.5731,0.4906
split_symmig_adjacent	Round_3_Replicate_5	-9243.24	18504.48	17068.11	1145.56	0.4274,0.8993,0.1254,0.5353,0.2476,6.6386,0.9772,2.8769,0.2661
split_symmig_adjacent	Round_3_Replicate_6	-9276.59	18571.18	26009.61	695.07	0.9741,1.3172,0.1597,0.4235,0.1478,5.2242,0.3915,8.4585,0.3852
split_symmig_adjacent	Round_3_Replicate_7	-8993.7	18005.4	23920.05	1095.87	0.5668,1.0917,0.2263,0.236,0.2704,6.6364,1.0206,4.1699,0.5633
split_symmig_adjacent	Round_3_Replicate_8	-8779.82	17577.64	15876.11	1181.73	0.5125,0.5892,0.2508,0.3357,0.3984,2.6083,1.0369,4.0257,0.5331
split_symmig_adjacent	Round_3_Replicate_9	-8970.85	17959.7	28905.38	1188.03	0.3602,1.1426,0.2181,0.2611,0.1431,7.6407,0.3724,2.5767,0.3196
split_symmig_adjacent	Round_3_Replicate_10	-9650.37	19318.74	26692.54	1141.15	0.718,0.8259,0.1107,0.1555,0.3852,6.919,1.016,9.1468,0.2949
split_symmig_adjacent	Round_3_Replicate_11	-9285.07	18588.14	32973.35	1032.85	0.5351,1.5262,0.2069,0.2087,0.2432,8.1273,0.8516,4.5485,0.451
split_symmig_adjacent	Round_3_Replicate_12	-8553.32	17124.64	16876.21	1560.3	0.35,0.4454,0.158,0.2856,0.393,7.2821,0.9706,2.9573,0.2546
split_symmig_adjacent	Round_3_Replicate_13	-9699.48	19416.96	41459.68	1052.61	0.5378,0.5179,0.2928,0.2069,0.1554,5.4594,0.4337,5.6251,0.4958
split_symmig_adjacent	Round_3_Replicate_14	-10836.57	21691.14	32485.81	1150.23	0.3546,0.9093,0.1359,0.1497,0.1145,2.9478,0.4664,4.0315,0.1595
split_symmig_adjacent	Round_3_Replicate_15	-8712.1	17442.2	18345.8	1440.91	0.3455,0.8267,0.169,0.2721,0.2681,4.7063,0.8338,2.3,0.5757
split_symmig_all	Round_1_Replicate_1	-20052.68	40125.36	347792431.7	1114.73	1.8208,0.1244,1.0593,0.3128,0.1897,2.7386,0.3005,4.5615,0.2433,0.1462
split_symmig_all	Round_1_Replicate_2	-28535.94	57091.88	-1.41802818024e+13	682.46	0.5453,0.774,0.7531,4.5851,0.3943,3.8957,5.8716,0.2595,6.9228,0.3207
split_symmig_all	Round_1_Replicate_3	-27413.61	54847.22	-89439526978.3	244.48	7.4809,0.9373,0.9788,2.7883,0.3173,1.0205,2.9278,0.394,0.7929,7.1535
split_symmig_all	Round_1_Replicate_4	-28628.32	57276.64	2.54659139762e+11	546.52	3.1479,0.3104,0.2046,2.5275,3.1921,1.0789,0.3519,1.9738,0.4622,1.2164
split_symmig_all	Round_1_Replicate_5	-23317.86	46655.72	106709954.03	968.3	0.1326,2.6869,0.1942,7.9399,1.3598,1.3707,0.5458,3.8676,0.1403,1.4399
split_symmig_all	Round_1_Replicate_6	-9730.8	19481.6	28848.31	1010.76	0.6313,3.1343,0.4911,0.2948,0.2101,0.7883,0.1566,0.3261,0.6777,0.2352
split_symmig_all	Round_1_Replicate_7	-25660.01	51340.02	6.21998527745e+11	608.34	1.161,4.4598,0.9626,2.5962,4.9127,4.4937,1.5906,0.9502,0.5462,0.36
split_symmig_all	Round_1_Replicate_8	-15587.09	31194.18	2624873.66	986.04	0.3002,2.5162,4.8691,0.1617,6.0987,3.8358,2.8573,1.2186,0.6716,1.6148
split_symmig_all	Round_1_Replicate_9	-21158.55	42337.1	5032303590.13	1058.37	0.3174,0.2401,0.7459,1.3123,5.3059,1.145,1.7091,1.9859,0.1742,0.488
split_symmig_all	Round_1_Replicate_10	-36071.08	72162.16	1.60286576788e+15	420.79	0.2381,0.5245,7.199,5.2263,1.6304,2.493,2.3801,3.0415,0.6704,4.3987
split_symmig_all	Round_2_Replicate_1	-17237.95	34495.9	191008.46	1001.11	0.2296,1.6355,0.3788,0.8718,0.3396,0.2081,0.101,0.1897,1.5248,0.1587
split_symmig_all	Round_2_Replicate_2	-11227.75	22475.5	38557.08	1451.24	0.281,0.8151,0.7974,0.1896,0.8286,1.0838,0.2252,0.7393,0.2624,0.1025
split_symmig_all	Round_2_Replicate_3	-12391.57	24803.14	68442.59	1399.88	0.5166,8.0805,0.1894,0.1368,0.1012,0.3458,0.2693,0.1342,0.42,0.1666
split_symmig_all	Round_2_Replicate_4	-10749.04	21518.08	32991.92	808.84	1.6026,3.8128,0.5484,0.1822,0.0635,0.7855,0.0524,0.6497,0.6013,0.1105
split_symmig_all	Round_2_Replicate_5	-13578.76	27177.52	99021.77	1467.21	0.3465,6.8298,0.1767,0.1208,0.8157,0.7773,0.2131,0.3944,1.706,0.7698
split_symmig_all	Round_2_Replicate_6	-17336.84	34693.68	559486.06	775.01	0.1914,5.8219,1.0396,0.7619,0.6692,0.24,0.2823,0.4126,1.0699,0.2109
split_symmig_all	Round_2_Replicate_7	-13900.57	27821.14	100196.7	1242.73	0.2478,6.3448,0.6026,0.3043,0.1148,0.2345,0.0843,0.381,0.3145,0.5033
split_symmig_all	Round_2_Replicate_8	-12442.6	24905.2	36655.52	1189.1	0.4147,4.845,0.212,0.2766,0.5479,0.5365,0.558,1.2009,1.8693,0.7201
split_symmig_all	Round_2_Replicate_9	-12410.29	24840.58	56016.49	880.33	1.8213,2.2198,0.2249,0.3598,0.255,0.5762,0.3702,0.2036,0.4006,0.7042
split_symmig_all	Round_2_Replicate_10	-12611.44	25242.88	48594.11	736.02	2.0212,1.3863,0.236,0.3311,0.2652,0.4468,0.0509,0.3075,1.3785,0.1324
split_symmig_all	Round_3_Replicate_1	-10159.52	20339.04	26755.11	1012.59	1.0676,4.7123,0.4007,0.2361,0.3405,0.6674,0.0851,0.5509,0.4094,0.1883
split_symmig_all	Round_3_Replicate_2	-11304.96	22629.92	41191.03	1021.6	1.1703,1.8761,0.2878,0.2182,0.2096,0.6056,0.0934,0.4858,0.6429,0.259
split_symmig_all	Round_3_Replicate_3	-9767.09	19554.18	40139.49	1066.05	0.6508,3.3466,0.7663,0.1848,0.2633,1.4666,0.1109,0.2048,0.3791,0.35
split_symmig_all	Round_3_Replicate_4	-10376.45	20772.9	33062.48	973.89	0.9131,1.5955,0.3385,0.4093,0.276,0.6833,0.1307,0.221,0.8092,0.2817
split_symmig_all	Round_3_Replicate_5	-9772.73	19565.46	27273.49	1107.61	0.4886,1.7197,0.2745,0.2693,0.1791,1.3766,0.0802,0.3334,1.2253,0.1594
split_symmig_all	Round_3_Replicate_6	-10395.49	20810.98	34015.2	1046.27	0.3859,2.0833,0.5071,0.4545,0.1589,0.7059,0.0834,0.3363,0.887,0.4043
split_symmig_all	Round_3_Replicate_7	-9663.5	19347.0	25560.93	996.42	0.5296,2.4917,0.6021,0.267,0.316,0.981,0.2712,0.4395,0.8772,0.2128
split_symmig_all	Round_3_Replicate_8	-10284.39	20588.78	29394.34	956.83	0.7466,1.642,0.8847,0.3743,0.1241,0.6481,0.297,0.4166,0.4493,0.302
split_symmig_all	Round_3_Replicate_9	-10477.9	20975.8	35577.59	1000.6	0.4327,5.3447,0.7658,0.2094,0.2278,0.7767,0.1633,0.3959,0.584,0.19
split_symmig_all	Round_3_Replicate_10	-10074.45	20168.9	34495.85	1022.85	0.7864,1.8621,0.4313,0.2659,0.1386,0.7532,0.0875,0.217,0.7478,0.2275
split_symmig_all	Round_3_Replicate_11	-9593.28	19206.56	31810.53	1051.76	0.7016,2.378,0.5396,0.3224,0.1276,0.7894,0.2138,0.1968,0.4196,0.4331
split_symmig_all	Round_3_Replicate_12	-11963.43	23946.86	73144.19	1139.57	0.7323,2.9969,0.3286,0.1978,0.2288,0.4584,0.1807,0.259,0.642,0.4578
split_symmig_all	Round_3_Replicate_13	-11205.3	22430.6	57443.17	853.11	0.836,3.5698,0.6578,0.1962,0.197,0.3966,0.1652,0.191,1.1152,0.3042
split_symmig_all	Round_3_Replicate_14	-8979.81	17979.62	19654.33	983.41	0.6128,3.608,0.6606,0.3137,0.2312,1.4953,0.2336,0.6237,0.6117,0.3546
split_symmig_all	Round_3_Replicate_15	-9802.97	19625.94	30683.42	969.91	0.6966,2.8457,0.291,0.1804,0.2142,1.1047,0.1294,0.3971,1.2331,0.146
